0.005000 1.004800
0.015000 1.004100
0.025000 0.999900
0.035000 0.985700
0.045000 0.989300
0.055000 0.984100
0.065000 0.999400
0.075000 1.010900
0.085000 0.998700
0.095000 1.009000
0.105000 1.011100
0.115000 0.993500
0.125000 0.983200
0.135000 0.987500
0.145000 1.013400
0.155000 1.024500
0.165000 1.006400
0.175000 1.011000
0.185000 1.002800
0.195000 0.990300
0.205000 1.010900
0.215000 1.012700
0.225000 0.982400
0.235000 0.995500
0.245000 1.003700
0.255000 1.002100
0.265000 1.000600
0.275000 0.990200
0.285000 1.011000
0.295000 1.001100
0.305000 1.008800
0.315000 1.020400
0.325000 0.998300
0.335000 1.004500
0.345000 0.997900
0.355000 1.008100
0.365000 1.017900
0.375000 0.999200
0.385000 0.996700
0.395000 1.011200
0.405000 0.992400
0.415000 0.997800
0.425000 1.001200
0.435000 1.017300
0.445000 1.006700
0.455000 1.001800
0.465000 1.002000
0.475000 1.004200
0.485000 0.996800
0.495000 0.998200
0.505000 0.985000
0.515000 1.009000
0.525000 0.992100
0.535000 1.006200
0.545000 1.000500
0.555000 1.007400
0.565000 0.996400
0.575000 0.983100
0.585000 0.995300
0.595000 1.004800
0.605000 1.012900
0.615000 0.990300
0.625000 0.999700
0.635000 1.003000
0.645000 0.985100
0.655000 0.985800
0.665000 0.978200
0.675000 0.995200
0.685000 0.992900
0.695000 0.993500
0.705000 0.997300
0.715000 0.992200
0.725000 1.006100
0.735000 0.990800
0.745000 1.016900
0.755000 1.010600
0.765000 0.998000
0.775000 0.988700
0.785000 0.992200
0.795000 1.013600
0.805000 1.002800
0.815000 1.003900
0.825000 1.009900
0.835000 1.001800
0.845000 0.992600
0.855000 0.997100
0.865000 0.987600
0.875000 0.984200
0.885000 0.998100
0.895000 1.004200
0.905000 0.992400
0.915000 0.996100
0.925000 1.013500
0.935000 0.991200
0.945000 1.003900
0.955000 1.009000
0.965000 0.998500
0.975000 0.995900
0.985000 0.989500
0.995000 1.003800
